-0.0309816
0.0542358
0.033088
-0.20708
-0.079632
0.612156
0.997647
-0.0015868
-0.00355904
0.00588826
1.00125
-0.00621238
0.0164677
-0.00403134
0.993163
-13.2217691339119
-5.14292457816197
-3.77450101334331
0.0334066060470493
0.00647730774875891
-0.0856406402303879
0.00396287944929049
0.0373304498917711
-0.0462489287112388
0.0
0.0
0.0907975242221363
0.847685920299116
-0.0721536463851954
0.525568674713363
-0.0721536463851954
0.965819649129590
0.248970393156528
-0.525568674713363
-0.248970393156528
0.813505569428706

